0 6
1 7
10 4
100 8
101 5
102 7
103 9
104 2
105 9
106 4
107 3
108 2
109 5
11 0
110 9
111 4
112 7
113 9
114 7
115 4
116 4
117 1
118 9
119 6
12 0
120 3
121 0
122 5
123 2
124 3
125 4
126 0
127 5
128 4
129 2
13 8
130 6
131 1
132 2
133 0
134 2
135 9
136 8
137 6
138 0
139 2
14 9
140 3
141 3
142 7
143 2
144 9
145 5
146 9
147 9
148 0
149 2
15 4
150 3
151 1
152 6
153 2
154 7
155 3
156 3
157 5
158 6
159 2
16 5
160 8
161 6
162 5
163 2
164 5
165 0
166 1
167 7
168 6
169 8
17 6
170 4
171 8
172 8
173 7
174 6
175 8
176 0
177 8
178 2
179 2
18 5
180 8
181 7
182 6
183 9
184 2
185 6
186 4
187 4
188 5
189 4
19 6
190 9
191 5
192 7
193 1
194 4
195 5
196 2
197 4
198 1
199 0
2 7
20 7
200 8
201 1
202 8
203 0
204 9
205 9
206 9
207 0
208 1
209 6
21 3
210 9
211 7
212 1
213 2
214 8
215 6
216 8
217 7
218 5
219 4
22 8
220 8
221 6
222 4
223 5
224 4
225 8
226 5
227 6
228 7
229 7
23 1
230 2
231 6
232 3
233 7
234 5
235 8
236 1
237 6
238 6
239 5
24 6
240 3
241 6
242 4
243 1
244 1
245 9
246 5
247 1
248 4
249 3
25 6
250 1
251 7
252 7
253 3
254 9
255 7
256 4
257 7
258 2
259 4
26 3
260 8
261 2
262 6
263 7
264 8
265 9
266 3
267 0
268 6
269 0
27 9
270 8
271 8
272 3
273 3
274 9
275 2
276 8
277 5
278 3
279 1
28 0
280 5
281 9
282 4
283 1
284 7
285 3
286 0
287 7
288 0
289 5
29 8
290 7
291 7
292 4
293 0
294 9
295 0
296 1
297 0
298 6
299 2
3 2
30 7
300 1
301 6
302 3
303 4
304 6
305 4
306 3
307 6
308 8
309 0
31 8
310 3
311 5
312 0
313 4
314 6
315 5
316 1
317 4
318 4
319 4
32 8
320 7
321 5
322 1
323 2
324 9
325 4
326 0
327 4
328 6
329 1
33 0
330 4
331 1
332 8
333 6
334 1
335 7
336 4
337 8
338 3
339 6
34 4
340 6
341 3
342 4
343 3
344 0
345 6
346 2
347 1
348 2
349 0
35 0
350 6
351 5
352 3
353 4
354 3
355 2
356 0
357 4
358 1
359 4
36 8
360 2
361 2
362 9
363 4
364 9
365 0
366 4
367 7
368 0
369 4
37 1
370 2
371 6
372 8
373 5
374 8
375 7
376 6
377 9
378 8
379 1
38 6
380 9
381 5
382 5
383 4
384 2
385 3
386 4
387 9
388 3
389 9
39 6
390 1
391 9
392 4
393 8
394 2
395 4
396 1
397 8
398 8
399 3
4 4
40 2
400 9
401 7
402 7
403 7
404 1
405 5
406 2
407 7
408 9
409 0
41 9
410 7
411 9
412 7
413 5
414 7
415 7
416 4
417 1
418 9
419 1
42 2
420 0
421 1
422 5
423 1
424 2
425 3
426 1
427 0
428 6
429 6
43 5
430 7
431 9
432 0
433 0
434 4
435 7
436 0
437 9
438 0
439 0
44 9
440 2
441 2
442 5
443 1
444 4
445 0
446 9
447 0
448 3
449 9
45 3
450 5
451 1
452 3
453 8
454 0
455 8
456 3
457 5
458 0
459 8
46 4
460 5
461 5
462 2
463 0
464 4
465 7
466 1
467 0
468 5
469 4
47 5
470 2
471 6
472 2
473 7
474 8
475 0
476 8
477 4
478 5
479 1
48 4
480 0
481 1
482 2
483 5
484 5
485 0
486 2
487 7
488 2
489 4
49 3
490 5
491 9
492 3
493 6
494 2
495 5
496 7
497 8
498 0
499 6
5 9
50 3
500 5
501 0
502 3
503 5
504 2
505 0
506 6
507 8
508 6
509 5
51 4
510 5
511 8
512 3
513 2
514 2
515 4
516 7
517 4
518 5
519 9
52 2
520 8
521 4
522 6
523 6
524 1
525 3
526 4
527 6
528 9
529 6
53 3
530 0
531 7
532 1
533 4
534 8
535 7
536 1
537 3
538 6
539 9
54 5
540 2
541 4
542 9
543 8
544 3
545 4
546 5
547 8
548 7
549 7
55 6
550 9
551 6
552 2
553 4
554 1
555 3
556 1
557 1
558 6
559 2
56 4
560 5
561 3
562 1
563 0
564 5
565 5
566 7
567 0
568 4
569 8
57 4
570 6
571 4
572 6
573 0
574 2
575 0
576 1
577 4
578 3
579 3
58 6
580 1
581 1
582 1
583 1
584 8
585 7
586 3
587 3
588 3
589 7
59 0
590 5
591 2
592 5
593 4
594 5
595 3
596 1
597 7
598 7
599 4
6 4
60 0
600 3
601 1
602 5
603 9
604 0
605 7
606 8
607 6
608 1
609 7
61 6
610 5
611 4
612 5
613 4
614 0
615 5
616 7
617 6
618 7
619 4
62 3
620 4
621 9
622 1
623 4
624 9
625 7
626 1
627 2
628 3
629 1
63 8
630 5
631 1
632 8
633 8
634 5
635 5
636 1
637 9
638 8
639 4
64 8
640 7
641 2
642 1
643 4
644 0
645 7
646 0
647 4
648 3
649 7
65 9
650 2
651 5
652 1
653 1
654 5
655 8
656 5
657 3
658 1
659 8
66 2
660 8
661 0
662 2
663 1
664 3
665 4
666 3
667 6
668 2
669 0
67 7
670 9
671 7
672 8
673 5
674 4
675 3
676 9
677 8
678 7
679 6
68 4
680 5
681 5
682 3
683 3
684 1
685 9
686 7
687 3
688 6
689 4
69 7
690 7
691 9
692 4
693 5
694 5
695 7
696 2
697 4
698 6
699 9
7 2
70 8
700 1
701 9
702 8
703 0
704 7
705 8
706 8
707 1
708 7
709 6
71 1
710 6
711 1
712 3
713 7
714 3
715 9
716 7
717 6
718 5
719 8
72 0
720 3
721 1
722 8
723 5
724 2
725 0
726 0
727 7
728 5
729 9
73 9
730 7
731 6
732 5
733 5
734 5
735 1
736 2
737 0
738 5
739 0
74 7
740 9
741 4
742 2
743 9
744 8
745 8
746 6
747 5
748 7
749 3
75 4
750 6
751 8
752 1
753 3
754 5
755 2
756 6
757 3
758 1
759 7
76 5
760 1
761 1
762 4
763 5
764 2
765 0
766 2
767 5
768 9
769 0
77 7
770 9
771 4
772 1
773 6
774 2
775 7
776 7
777 2
778 8
779 9
78 9
780 8
781 7
782 2
783 3
784 2
785 4
786 5
787 0
788 1
789 4
79 6
790 7
791 2
792 5
793 2
794 4
795 0
796 7
797 5
798 3
799 9
8 9
80 9
800 3
801 9
802 5
803 6
804 1
805 2
806 2
807 7
808 3
809 1
81 6
810 2
811 4
812 1
813 5
814 4
815 9
816 1
817 0
818 2
819 8
82 8
820 2
821 2
822 1
823 8
824 8
825 7
826 9
827 4
828 0
829 0
83 6
830 7
831 7
832 0
833 6
834 2
835 9
836 6
837 1
838 1
839 1
84 1
840 5
841 6
842 4
843 5
844 4
845 4
846 8
847 5
848 2
849 2
85 4
850 4
851 2
852 5
853 9
854 1
855 2
856 5
857 3
858 5
859 8
86 9
860 1
861 6
862 3
863 1
864 4
865 7
866 5
867 9
868 9
869 8
87 7
870 4
871 5
872 6
873 9
874 5
875 4
876 0
877 5
878 3
879 7
88 6
880 7
881 9
882 4
883 4
884 5
885 1
886 0
887 8
888 8
889 2
89 3
890 8
891 0
892 2
893 3
894 1
895 0
896 1
897 9
898 3
899 1
9 5
90 5
900 9
901 1
902 8
903 2
904 8
905 3
906 6
907 9
908 0
909 8
91 7
910 9
911 9
912 4
913 4
914 3
915 3
916 1
917 8
918 2
919 2
92 6
920 5
921 3
922 4
923 0
924 4
925 8
926 0
927 6
928 0
929 7
93 4
930 3
931 6
932 3
933 5
934 9
935 6
936 1
937 4
938 4
939 2
94 9
940 3
941 0
942 2
943 4
944 7
945 7
95 7
96 6
97 0
98 5
99 3
