111111111111111111111111111
111111111111111111111111111
111111111111111111111111111
111111111111111111111111111
111111111111111111111111111
111111111111111111111111111
111111111100000111111111111
111111111000000001111111111
111111111000000000111111111
111111111000110000011111111
111111111001111000001111111
111111111001111110011111111
111111111000111110011111111
111111111000111100011111111
111111111101111000111111111
111111111111100000111111111
111111111111000001111111111
111111111000000111111111111
111111110000001111111111111
111111100000111111111111111
111111000011111111111111111
111111000111111111111111111
111111001111111111111111111
111111000111111111111111111
111111000011111111011111111
111111000000000000001111111
111111100000000000001111111
111111111100000000011111111
111111111101111111111111111
111111111111111111111111111
111111111111111111111111111
111111111111111111111111111
