11111111111111111111111111111111
11111111111000000111111111111111
11111111000000000011111111111111
11111110000001100011111111111111
11111110001111110001111111111111
11111100011111110011111111111111
11111110111111100011111111111111
11111111111111100011111111111111
11111111111111100011111111111111
11111111111110000111111111111111
11111111111110000111111111111111
11111111111110001111111111111111
11111111111000011111111111111111
11111111111000111111111111111111
11111111110000111111111111111111
11111111110001111111111111111111
11111111100011111111111111111111
11111111100011111111111111111111
11111111000011111111111111111111
11111110001111111111111111111111
11111110001111111111111111111111
11111110001111111111111111111111
11111110001111111111111110000111
11111110000000000011000000000011
11111110000000000000000000011111
11111111111111000001111111111111
11111111111111111111111111111111
11111111111111111111111111111111
11111111111111111111111111111111
