0000000000000000000000000000000
0000000000000000000000000000000
0000000000000000000000000000000
0000000000000000000000000000000
0000000000011111110000000000000
0000000000111111111000000000000
0000000001111111111100000000000
0000000001110000011100000000000
0000000001100000111000000000000
0000000000000000111000000000000
0000000000000000111000000000000
0000000000000001111000000000000
0000000000000011110000000000000
0000000000000011100000000000000
0000000000000111000000000000000
0000000000001111000000000000000
0000000000001110000000000000000
0000000000011110000000000000000
0000000000011100000000000000000
0000000000111100000000000000000
0000000001111000000000000000000
0000000001110000000000000000000
0000000001110000000000000111100
0000000001111111111011111111110
0000000001111111111111111111100
0000000000111111111111100000000
0000000000000000110000000000000
0000000000000000000000000000000
0000000000000000000000000000000
0000000000000000000000000000000
0000000000000000000000000000000
0000000000000000000000000000000
