11111111111111111111111111111111
11111111111111111111111111111111
11111111111111111111111111111111
11110001111111000001111111101111
11110100111110011001111111110111
11111101111110010011111111110111
11111001111111100111111111110111
11100111111111001111111111101111
11101111111110000001111111011111
11100000111110001100111110011111
11111111111111111111111111111111
11111111111111111111111111111111
11111111111111111111111111111111
11111111111111110011111111111111
11111111111111000001111100101111
11111111111111001001111111101111
11111111111111110001111111011111
11111111111111100111111110011111
11111011111110001111111110111111
11111011111100000001111101111111
11010111111110111100111100001001
11111111111111111111111111111111
