11111111111111111111111111111111
11111111111111111111111111111111
11111111111111111111111111111111
11111111111111111111111111111111
11111111111111111111111111111111
11111111111111111111111111111111
11111111111111111111111111111111
11111111111111011111111111111111
11111111111111110011111111111111
11111111111111111111111111111111
11111111111111111111111111111111
11111111111111111111111111111111
11111111111111111111111111111111
11111111111111111111111111111111
11111111111111111111111111111111
11111111111111111111111111111111
11111111111111111111111111111111
11111111111101111111111111111111
11111111111111111111111111111111
11111111111111111111111111111111
11111111111011111111101111111111
11111111111111111111111111111111
11111111111111111111111111111111
11111111111111111111111111111111
11111111110001100001010111111111
11111111111111111111111111111111
11111111111111111111111111111111
11111111111100111000111111111111
11111111111111111100111111111111
11111111111111111111111111111111
11111111111111111111111111111111
11111111111111111111111111111111
