1111111111111111111111111111111
1111111111111111111111111111111
1111111111111111111111111111111
1111111111111111111111111111111
1111111111110000000011111111111
1111111111000000000000111111111
1111111100000000000000011111111
1111111000000000000000001111111
1111110000000111111000001111111
1111100000011111111000001111111
1111100000111111110000011111111
1111100001111111100000011111111
1111100000111111000000111111111
1111110000011110000000111111111
1111111000001100000001111111111
1111111111000000000011111111111
1111111111100000001111111111111
1111111111100000011111111111111
1111111111000001111111111111111
1111111110000011111111111111111
1111111100000111111111111111111
1111111000001111111111111111111
1111110000011111000000111111111
1111100000000000000000000111111
1111100000000000000000000011111
1111100000000000000000000001111
1111100000000000001000000001111
1111111111111111111111000011111
1111111111111111111111111111111
1111111111111111111111111111111
1111111111111111111111111111111
1111111111111111111111111111111
