11111111111111111111111111111111
11111111111111110001111111111111
11111111111111000000011111111111
11111111111110111110001111111111
11111111111101111111001111111111
11111111111101111111001111111111
11111100101001111111001111111111
11111111111111001100100000011111
11111111111111111111100000001111
11111111111111111111111111111111
11111111111111111111111111111111
11111111111101111111001111111111
11111111111000111110011111111111
11111111111111111111111111111111
11111111111111111111111111111111
11111111111111111111111001111111
11111111111011111111111101111111
11111111111100111111111101000011
11111111111110001111111011000001
11111111111111111111111001000001
11111111111111111111111110000111
11111111111111111111110011001100
11111111111111111111111011111111
11111111111111111111101100011111
11111111111111111111111110000111
11111111111111111111111110010001
11111101111111111111111110110001
11111110010001111111111100011111
11111011001111111111011100001101
11111011111111111111111100111111
