1111111111111111111111111111111
1111111111111111111111111111111
1111111111111111111111111111111
1111111111111111111111111111111
1111111110000111111111111111111
1111111100000000001111111111111
1111111111100000000011111111111
1111111111111111000011111111111
1111111111111111100001111111111
1111111111111111110001111111111
1111111111111111110001111111111
1111111111111111110001111111111
1111111111111111111001111111111
1111111111111111111001111111111
1111111111111111110001111111111
1111111111111111110001111111111
1111111111111111100011111111111
1111111111111111100011111111111
1111111111111111000111111111111
1111111111111111000111111111111
1111111111111110001111111111111
1111111111111100011111111111111
1111111111111000111111111111111
1111111111100001111111111111111
1111111110000001111111100111111
1111111100000000000000000011111
1111111100000000000011111111111
1111111111111111111111111111111
1111111111111111111111111111111
1111111111111111111111111111111
1111111111111111111111111111111
1111111111111111111111111111111
