11111111111111111111111111111111
11111111111111111111111111111111
11111111111111111111111111111111
11111111111111111111111111111111
11111111111111111111111111111111
11111111111111111111111111111111
11111111001111111111111111111111
11111100011111111111111111111111
11111100111111111101111111111111
11111101111111111101111111111111
11111111111111111101111111111111
11111111111111111101111111111111
11111111111111111101111111111111
11111111111111111101111111111111
11111111111111111001111111111111
11111111111111111001111111111111
11111111111111010011111111111111
11111111110000000011111111111111
11111111000011100001111111111111
11111110001111100100111111111111
11111100011111001110001111101111
11111100111110001111000110011111
11111001111110011111110000111111
11111001111100111111111111111111
11111001110001111111111111111111
11111000000011111111111111111111
11111100001111111111111111111111
11111111111111111111111111111111
11111111111111111111111111111111
