111111111111111111111111111111
111111111111111101111111111111
111111111111100000001111111111
111111111110000000000011111111
111111111100000000000001111111
111111111000000011100000111111
111111110000000111100000111111
111111100000001111100000011111
111111100000011111000000011111
111111100000111111000000011111
111111111111111110000000111111
111111111111111100000001111111
111111111111111000000011111111
111111111111110000000111111111
111111111111000000011111111111
111111111110000000111111111111
111111111000000001111111111111
111111100000000111111111111111
111111000000011111111111111111
111100000000000111111111111111
111000000000000000001111111111
000000000000000000000000111111
100000000000000000000000011111
110000000000000000000000001111
111000000011111100000000001111
111111111111111111111100001111
111111111111111111111111111111
111111111111111111111111111111
111111111111111111111111111111
111111111111111111111111111111
111111111111111111111111111111
111111111111111111111111111111
